10 10 10
136569 -174499 197848 -959781 224176 -300396 -981757 148780 199191 -850158
451044 600991 -284506 -872234 762041 -198098 -187201 385833 -693498 -978655
-831900 -376913 74369 -767105 -545126 301174 -522135 419441 -783468 410160
-229294 -836405 -621200 483113 344149 953804 -34833 -193170 231602 -408872
-468244 -115165 -471939 399247 536011 -432697 -428983 -585305 809960 -947807
-557529 -27837 523129 -415297 -407824 -934659 900341 412972 -246826 -557705
487875 300526 580605 -420096 -850248 420720 527689 -744199 247725 126288
325081 617443 243550 -517082 678204 435243 317039 568246 394539 752136
-117641 -187363 725678 480406 -68197 -796563 438508 202825 74025 -982804
-719032 -612240 321854 -653668 172428 -68316 -754921 955602 -861970 388799
399311 124625 95638 -864284 -953748 -326015 336932 184349 966201 -281674
-352993 862884 -288605 633637 801566 902023 -918220 -487601 17832 -404282
94546 -52949 345683 115520 513252 -1807 -937574 -613185 677939 -379423
-671110 462379 175852 9638 -417304 825692 361843 152804 -45771 42185
-987682 -320744 327277 -228966 563369 533690 775190 -980380 361528 -616633
473531 -613040 143022 683480 96379 692780 -613870 -85542 136900 -634532
211029 -129485 295828 804769 -165748 443220 510388 184107 -360291 -242097
-666504 235229 -118096 56189 11792 68633 473123 121362 90302 604062
682135 -128058 -578528 457729 959214 -32364 -398190 -954421 -257532 925837
467345 67998 504373 464902 -239886 -783309 -573085 -420892 438052 920292